E 100 300
0 1
71 55 32740
83 14 6903
7 29 52698
89 8 1235
54 1 16110
75 35 88573
41 16 54834
55 61 62200
18 14 43197
34 11 96805
33 73 32113
82 92 63993
90 52 21652
90 42 34744
24 10 71149
94 12 67321
61 65 87300
82 66 38567
100 89 18131
97 94 700
94 2 4335
55 66 90318
11 1 48964
25 45 44933
76 95 2494
55 13 92880
17 2 32765
45 31 58325
45 12 99650
38 84 80401
54 73 69195
90 9 76066
96 2 4776
24 94 9875
73 5 3374
87 30 11227
63 77 56771
82 56 12917
75 83 83819
3 85 84443
56 84 85045
59 87 14248
95 40 7510
2 47 88651
10 86 56926
65 66 82674
55 82 65452
61 46 37193
70 2 50296
64 93 45031
67 100 52401
44 87 4178
69 59 84939
68 71 65689
90 57 38522
23 77 34480
95 71 25944
64 77 3670
31 85 68420
77 92 67825
31 80 67649
81 22 68618
34 66 53306
81 68 57332
46 38 48686
5 97 90993
88 41 53902
75 66 5383
90 37 69479
59 51 99538
61 83 56134
93 43 63308
7 9 72623
68 6 36280
64 34 87930
88 30 8713
89 10 15899
20 89 67634
3 100 44623
28 54 23140
51 48 98282
34 38 40000
39 31 66727
47 60 68013
26 47 89295
6 10 2231
79 32 72177
1 2 95747
58 29 28122
48 16 40771
52 58 55110
48 67 80006
11 52 87287
53 13 32976
79 25 43175
7 96 32388
78 38 47969
72 98 26793
34 49 9941
84 8 88741
100 15 59888
39 18 67711
56 4 7734
12 90 23885
51 62 88823
99 67 20051
16 10 87163
52 48 46557
47 100 81990
9 11 25226
17 48 15064
33 80 45115
67 66 60915
18 22 78545
79 75 20061
81 30 49679
19 92 26773
79 71 51717
16 2 90660
84 53 14449
20 79 88029
35 58 44720
97 87 60496
38 6 84014
55 53 73359
83 82 21355
3 97 40311
94 44 46744
6 83 30318
60 40 43189
21 37 29370
87 77 76218
3 14 18979
46 39 22547
86 80 35236
71 29 97420
84 28 31002
73 28 81275
38 13 59924
12 99 43124
21 54 42145
77 30 46872
20 35 37751
77 16 91010
78 13 54854
72 60 910
92 33 97216
96 60 63848
93 76 50566
43 7 85454
4 51 66039
100 52 49456
86 22 22993
63 51 32334
53 49 14715
86 30 27747
52 86 62779
68 58 6911
25 21 10677
28 39 78216
93 69 92837
5 4 13587
91 44 54239
7 3 68943
88 99 89543
59 61 97015
39 45 43214
95 60 5205
45 91 23026
24 85 91486
82 22 72505
65 26 14945
49 79 21813
86 25 59647
17 87 62989
13 92 56292
91 36 17011
39 25 7972
24 89 74981
79 61 76765
77 46 30521
17 7 68558
54 89 50589
39 48 47892
64 15 70842
70 51 6706
89 92 43041
73 35 11114
38 35 55465
81 50 69367
35 4 46520
17 83 23769
91 9 59414
45 40 33936
47 50 45579
3 5 45353
21 97 75138
8 73 7228
17 4 17788
64 39 99625
21 61 84730
27 36 52426
36 74 56952
88 91 64718
18 85 83021
41 97 10977
50 59 79044
72 70 60805
16 49 38543
54 42 55678
86 96 37749
46 91 65196
50 38 69485
82 67 71837
52 54 59971
42 26 6634
77 66 74252
22 58 78658
47 49 82796
42 15 26208
86 90 89708
43 88 98328
26 7 78589
86 49 97615
2 90 62747
37 10 92842
72 3 73965
17 46 71510
42 72 48497
18 83 96503
92 76 90028
2 50 18483
88 4 68978
43 99 74367
7 22 62930
13 77 9418
75 37 23878
24 19 5128
74 16 5530
69 23 90978
73 25 35002
34 31 29500
40 5 99328
34 46 22630
81 62 28254
10 51 16327
39 53 93512
18 40 18503
93 38 13254
47 46 72060
46 27 600
66 48 41111
98 4 3275
5 68 52687
28 44 18509
69 19 19913
47 81 47321
11 84 76639
17 78 48198
18 81 16513
99 40 75962
54 61 61782
19 53 11200
1 53 16214
87 50 30928
6 95 42783
75 23 58802
8 61 24771
50 30 55418
80 63 99242
91 59 23232
32 92 91649
42 31 29900
8 71 97650
25 52 9894
46 53 40749
15 57 20630
56 27 86619
13 79 80021
3 22 39363
23 35 17818
73 34 54964
63 38 18782
31 76 70223
47 61 31567
30 69 93977
53 27 22713
4 58 44287
42 24 49362
100 97 69514
41 23 75973
22 59 94245
56 35 38849
27 87 83948
74 14 7554
53 51 68824
82 88 60512
81 94 63656
84 26 1174
5 9 23442